# Blender v2.75 (sub 0) OBJ File: 'waves-4.blend'
# www.blender.org
mtllib waves-4.mtl
o DataWave36_DataWave36Mesh.032
v 6.000000 0.179448 -13.000000
v 6.000000 -0.179448 -13.000000
v 7.000000 0.179448 -12.000000
v 7.000000 -0.179448 -12.000000
v 6.000000 0.179448 -11.000000
v 6.000000 -0.179448 -11.000000
v 5.000000 0.179448 -12.000000
v 5.000000 -0.179448 -12.000000
vn -0.707100 0.000000 0.707100
vn -0.707100 0.000000 -0.707100
vn 0.000000 1.000000 0.000000
vn 0.707100 0.000000 0.707100
vn 0.707100 0.000000 -0.707100
vn 0.000000 -1.000000 0.000000
usemtl None
s off
f 1//1 2//1 4//1 3//1
f 3//2 4//2 6//2 5//2
f 4//3 2//3 8//3 6//3
f 7//4 8//4 2//4 1//4
f 5//5 6//5 8//5 7//5
f 1//6 3//6 5//6 7//6
o DataWave35_DataWave35Mesh.032
v 6.000000 0.147059 -11.000000
v 6.000000 -0.147059 -11.000000
v 7.000000 0.147059 -10.000000
v 7.000000 -0.147059 -10.000000
v 6.000000 0.147059 -9.000000
v 6.000000 -0.147059 -9.000000
v 5.000000 0.147059 -10.000000
v 5.000000 -0.147059 -10.000000
vn -0.707100 0.000000 0.707100
vn -0.707100 0.000000 -0.707100
vn 0.000000 1.000000 0.000000
vn 0.707100 0.000000 0.707100
vn 0.707100 0.000000 -0.707100
vn 0.000000 -1.000000 0.000000
usemtl None
s off
f 9//7 10//7 12//7 11//7
f 11//8 12//8 14//8 13//8
f 12//9 10//9 16//9 14//9
f 15//10 16//10 10//10 9//10
f 13//11 14//11 16//11 15//11
f 9//12 11//12 13//12 15//12
o DataWave34_DataWave34Mesh.032
v 6.000000 0.113798 -9.000000
v 6.000000 -0.113798 -9.000000
v 7.000000 0.113798 -8.000000
v 7.000000 -0.113798 -8.000000
v 6.000000 0.113798 -7.000000
v 6.000000 -0.113798 -7.000000
v 5.000000 0.113798 -8.000000
v 5.000000 -0.113798 -8.000000
vn -0.707100 0.000000 0.707100
vn -0.707100 0.000000 -0.707100
vn 0.000000 1.000000 0.000000
vn 0.707100 0.000000 0.707100
vn 0.707100 0.000000 -0.707100
vn 0.000000 -1.000000 0.000000
usemtl None
s off
f 17//13 18//13 20//13 19//13
f 19//14 20//14 22//14 21//14
f 20//15 18//15 24//15 22//15
f 23//16 24//16 18//16 17//16
f 21//17 22//17 24//17 23//17
f 17//18 19//18 21//18 23//18
o DataWave33_DataWave33Mesh.032
v 6.000000 0.049020 -7.000000
v 6.000000 -0.049020 -7.000000
v 7.000000 0.049020 -6.000000
v 7.000000 -0.049020 -6.000000
v 6.000000 0.049020 -5.000000
v 6.000000 -0.049020 -5.000000
v 5.000000 0.049020 -6.000000
v 5.000000 -0.049020 -6.000000
vn -0.707100 0.000000 0.707100
vn -0.707100 0.000000 -0.707100
vn 0.000000 1.000000 0.000000
vn 0.707100 0.000000 0.707100
vn 0.707100 0.000000 -0.707100
vn 0.000000 -1.000000 0.000000
usemtl None
s off
f 25//19 26//19 28//19 27//19
f 27//20 28//20 30//20 29//20
f 28//21 26//21 32//21 30//21
f 31//22 32//22 26//22 25//22
f 29//23 30//23 32//23 31//23
f 25//24 27//24 29//24 31//24
o DataWave32_DataWave32Mesh.032
v 6.000000 0.032389 -5.000000
v 6.000000 -0.032389 -5.000000
v 7.000000 0.032389 -4.000000
v 7.000000 -0.032389 -4.000000
v 6.000000 0.032389 -3.000000
v 6.000000 -0.032389 -3.000000
v 5.000000 0.032389 -4.000000
v 5.000000 -0.032389 -4.000000
vn -0.707100 0.000000 0.707100
vn -0.707100 0.000000 -0.707100
vn 0.000000 1.000000 0.000000
vn 0.707100 0.000000 0.707100
vn 0.707100 0.000000 -0.707100
vn 0.000000 -1.000000 0.000000
usemtl None
s off
f 33//25 34//25 36//25 35//25
f 35//26 36//26 38//26 37//26
f 36//27 34//27 40//27 38//27
f 39//28 40//28 34//28 33//28
f 37//29 38//29 40//29 39//29
f 33//30 35//30 37//30 39//30
o DataWave31_DataWave31Mesh.032
v 6.000000 0.016630 -3.000000
v 6.000000 -0.016630 -3.000000
v 7.000000 0.016630 -2.000000
v 7.000000 -0.016630 -2.000000
v 6.000000 0.016630 -1.000000
v 6.000000 -0.016630 -1.000000
v 5.000000 0.016630 -2.000000
v 5.000000 -0.016630 -2.000000
vn -0.707100 0.000000 0.707100
vn -0.707100 0.000000 -0.707100
vn 0.000000 1.000000 0.000000
vn 0.707100 0.000000 0.707100
vn 0.707100 0.000000 -0.707100
vn 0.000000 -1.000000 0.000000
usemtl None
s off
f 41//31 42//31 44//31 43//31
f 43//32 44//32 46//32 45//32
f 44//33 42//33 48//33 46//33
f 47//34 48//34 42//34 41//34
f 45//35 46//35 48//35 47//35
f 41//36 43//36 45//36 47//36
o DataWave30_DataWave30Mesh.032
v 6.000000 0.032389 -1.000000
v 6.000000 -0.032389 -1.000000
v 7.000000 0.032389 0.000000
v 7.000000 -0.032389 0.000000
v 6.000000 0.032389 1.000000
v 6.000000 -0.032389 1.000000
v 5.000000 0.032389 -0.000000
v 5.000000 -0.032389 -0.000000
vn -0.707100 0.000000 0.707100
vn -0.707100 0.000000 -0.707100
vn 0.000000 1.000000 0.000000
vn 0.707100 0.000000 0.707100
vn 0.707100 0.000000 -0.707100
vn 0.000000 -1.000000 0.000000
usemtl None
s off
f 49//37 50//37 52//37 51//37
f 51//38 52//38 54//38 53//38
f 52//39 50//39 56//39 54//39
f 55//40 56//40 50//40 49//40
f 53//41 54//41 56//41 55//41
f 49//42 51//42 53//42 55//42
o DataWave26_DataWave26Mesh.032
v 4.000000 -0.131300 -13.000000
v 4.000000 0.131300 -13.000000
v 5.000000 -0.131300 -12.000000
v 5.000000 0.131300 -12.000000
v 4.000000 -0.131300 -11.000000
v 4.000000 0.131300 -11.000000
v 3.000000 -0.131300 -12.000000
v 3.000000 0.131300 -12.000000
vn 0.707100 0.000000 -0.707100
vn 0.707100 0.000000 0.707100
vn 0.000000 1.000000 0.000000
vn -0.707100 0.000000 -0.707100
vn -0.707100 0.000000 0.707100
vn 0.000000 -1.000000 0.000000
usemtl None
s off
f 57//43 58//43 60//43 59//43
f 59//44 60//44 62//44 61//44
f 60//45 58//45 64//45 62//45
f 63//46 64//46 58//46 57//46
f 61//47 62//47 64//47 63//47
f 57//48 59//48 61//48 63//48
o DataWave25_DataWave25Mesh.032
v 4.000000 -0.170252 -11.000000
v 4.000000 0.170252 -11.000000
v 5.000000 -0.170252 -10.000000
v 5.000000 0.170252 -10.000000
v 4.000000 -0.170252 -9.000000
v 4.000000 0.170252 -9.000000
v 3.000000 -0.170252 -10.000000
v 3.000000 0.170252 -10.000000
vn 0.707100 0.000000 -0.707100
vn 0.707100 0.000000 0.707100
vn 0.000000 1.000000 0.000000
vn -0.707100 0.000000 -0.707100
vn -0.707100 0.000000 0.707100
vn 0.000000 -1.000000 0.000000
usemtl None
s off
f 65//49 66//49 68//49 67//49
f 67//50 68//50 70//50 69//50
f 68//51 66//51 72//51 70//51
f 71//52 72//52 66//52 65//52
f 69//53 70//53 72//53 71//53
f 65//54 67//54 69//54 71//54
o DataWave24_DataWave24Mesh.032
v 4.000000 0.050763 -9.000000
v 4.000000 -0.050763 -9.000000
v 5.000000 0.050763 -8.000000
v 5.000000 -0.050763 -8.000000
v 4.000000 0.050763 -7.000000
v 4.000000 -0.050763 -7.000000
v 3.000000 0.050763 -8.000000
v 3.000000 -0.050763 -8.000000
vn -0.707100 0.000000 0.707100
vn -0.707100 0.000000 -0.707100
vn 0.000000 1.000000 0.000000
vn 0.707100 0.000000 0.707100
vn 0.707100 0.000000 -0.707100
vn 0.000000 -1.000000 0.000000
usemtl None
s off
f 73//55 74//55 76//55 75//55
f 75//56 76//56 78//56 77//56
f 76//57 74//57 80//57 78//57
f 79//58 80//58 74//58 73//58
f 77//59 78//59 80//59 79//59
f 73//60 75//60 77//60 79//60
o DataWave23_DataWave23Mesh.032
v 4.000000 0.145315 -7.000000
v 4.000000 -0.145315 -7.000000
v 5.000000 0.145315 -6.000000
v 5.000000 -0.145315 -6.000000
v 4.000000 0.145315 -5.000000
v 4.000000 -0.145315 -5.000000
v 3.000000 0.145315 -6.000000
v 3.000000 -0.145315 -6.000000
vn -0.707100 0.000000 0.707100
vn -0.707100 0.000000 -0.707100
vn 0.000000 1.000000 0.000000
vn 0.707100 0.000000 0.707100
vn 0.707100 0.000000 -0.707100
vn 0.000000 -1.000000 0.000000
usemtl None
s off
f 81//61 82//61 84//61 83//61
f 83//62 84//62 86//62 85//62
f 84//63 82//63 88//63 86//63
f 87//64 88//64 82//64 81//64
f 85//65 86//65 88//65 87//65
f 81//66 83//66 85//66 87//66
o DataWave22_DataWave22Mesh.032
v 4.000000 -0.049020 -5.000000
v 4.000000 0.049020 -5.000000
v 5.000000 -0.049020 -4.000000
v 5.000000 0.049020 -4.000000
v 4.000000 -0.049020 -3.000000
v 4.000000 0.049020 -3.000000
v 3.000000 -0.049020 -4.000000
v 3.000000 0.049020 -4.000000
vn 0.707100 0.000000 -0.707100
vn 0.707100 0.000000 0.707100
vn 0.000000 1.000000 0.000000
vn -0.707100 0.000000 -0.707100
vn -0.707100 0.000000 0.707100
vn 0.000000 -1.000000 0.000000
usemtl None
s off
f 89//67 90//67 92//67 91//67
f 91//68 92//68 94//68 93//68
f 92//69 90//69 96//69 94//69
f 95//70 96//70 90//70 89//70
f 93//71 94//71 96//71 95//71
f 89//72 91//72 93//72 95//72
o DataWave21_DataWave21Mesh.032
v 4.000000 -0.132172 -3.000000
v 4.000000 0.132172 -3.000000
v 5.000000 -0.132172 -2.000000
v 5.000000 0.132172 -2.000000
v 4.000000 -0.132172 -1.000000
v 4.000000 0.132172 -1.000000
v 3.000000 -0.132172 -2.000000
v 3.000000 0.132172 -2.000000
vn 0.707100 0.000000 -0.707100
vn 0.707100 0.000000 0.707100
vn 0.000000 1.000000 0.000000
vn -0.707100 0.000000 -0.707100
vn -0.707100 0.000000 0.707100
vn 0.000000 -1.000000 0.000000
usemtl None
s off
f 97//73 98//73 100//73 99//73
f 99//74 100//74 102//74 101//74
f 100//75 98//75 104//75 102//75
f 103//76 104//76 98//76 97//76
f 101//77 102//77 104//77 103//77
f 97//78 99//78 101//78 103//78
o DataWave20_DataWave20Mesh.032
v 4.000000 -0.245725 -1.000000
v 4.000000 0.245725 -1.000000
v 5.000000 -0.245725 0.000000
v 5.000000 0.245725 0.000000
v 4.000000 -0.245725 1.000000
v 4.000000 0.245725 1.000000
v 3.000000 -0.245725 -0.000000
v 3.000000 0.245725 -0.000000
vn 0.707100 0.000000 -0.707100
vn 0.707100 0.000000 0.707100
vn 0.000000 1.000000 0.000000
vn -0.707100 0.000000 -0.707100
vn -0.707100 0.000000 0.707100
vn 0.000000 -1.000000 0.000000
usemtl None
s off
f 105//79 106//79 108//79 107//79
f 107//80 108//80 110//80 109//80
f 108//81 106//81 112//81 110//81
f 111//82 112//82 106//82 105//82
f 109//83 110//83 112//83 111//83
f 105//84 107//84 109//84 111//84
o DataWave16_DataWave16Mesh.032
v 2.000000 -0.620559 -13.000000
v 2.000000 0.620559 -13.000000
v 3.000000 -0.620559 -12.000000
v 3.000000 0.620559 -12.000000
v 2.000000 -0.620559 -11.000000
v 2.000000 0.620559 -11.000000
v 1.000000 -0.620559 -12.000000
v 1.000000 0.620559 -12.000000
vn 0.707100 0.000000 -0.707100
vn 0.707100 0.000000 0.707100
vn 0.000000 1.000000 0.000000
vn -0.707100 0.000000 -0.707100
vn -0.707100 0.000000 0.707100
vn 0.000000 -1.000000 0.000000
usemtl None
s off
f 113//85 114//85 116//85 115//85
f 115//86 116//86 118//86 117//86
f 116//87 114//87 120//87 118//87
f 119//88 120//88 114//88 113//88
f 117//89 118//89 120//89 119//89
f 113//90 115//90 117//90 119//90
o DataWave15_DataWave15Mesh.032
v 2.000000 -1.154675 -11.000000
v 2.000000 1.154675 -11.000000
v 3.000000 -1.154675 -10.000000
v 3.000000 1.154675 -10.000000
v 2.000000 -1.154675 -9.000000
v 2.000000 1.154675 -9.000000
v 1.000000 -1.154675 -10.000000
v 1.000000 1.154675 -10.000000
vn 0.707100 0.000000 -0.707100
vn 0.707100 0.000000 0.707100
vn 0.000000 1.000000 0.000000
vn -0.707100 0.000000 -0.707100
vn -0.707100 0.000000 0.707100
vn 0.000000 -1.000000 0.000000
usemtl None
s off
f 121//91 122//91 124//91 123//91
f 123//92 124//92 126//92 125//92
f 124//93 122//93 128//93 126//93
f 127//94 128//94 122//94 121//94
f 125//95 126//95 128//95 127//95
f 121//96 123//96 125//96 127//96
o DataWave14_DataWave14Mesh.032
v 2.000000 0.642552 -9.000000
v 2.000000 -0.642552 -9.000000
v 3.000000 0.642552 -8.000000
v 3.000000 -0.642552 -8.000000
v 2.000000 0.642552 -7.000000
v 2.000000 -0.642552 -7.000000
v 1.000000 0.642552 -8.000000
v 1.000000 -0.642552 -8.000000
vn -0.707100 0.000000 0.707100
vn -0.707100 0.000000 -0.707100
vn 0.000000 1.000000 0.000000
vn 0.707100 0.000000 0.707100
vn 0.707100 0.000000 -0.707100
vn 0.000000 -1.000000 0.000000
usemtl None
s off
f 129//97 130//97 132//97 131//97
f 131//98 132//98 134//98 133//98
f 132//99 130//99 136//99 134//99
f 135//100 136//100 130//100 129//100
f 133//101 134//101 136//101 135//101
f 129//102 131//102 133//102 135//102
o DataWave13_DataWave13Mesh.032
v 2.000000 -0.338778 -7.000000
v 2.000000 0.338778 -7.000000
v 3.000000 -0.338778 -6.000000
v 3.000000 0.338778 -6.000000
v 2.000000 -0.338778 -5.000000
v 2.000000 0.338778 -5.000000
v 1.000000 -0.338778 -6.000000
v 1.000000 0.338778 -6.000000
vn 0.707100 0.000000 -0.707100
vn 0.707100 0.000000 0.707100
vn 0.000000 1.000000 0.000000
vn -0.707100 0.000000 -0.707100
vn -0.707100 0.000000 0.707100
vn 0.000000 -1.000000 0.000000
usemtl None
s off
f 137//103 138//103 140//103 139//103
f 139//104 140//104 142//104 141//104
f 140//105 138//105 144//105 142//105
f 143//106 144//106 138//106 137//106
f 141//107 142//107 144//107 143//107
f 137//108 139//108 141//108 143//108
o DataWave12_DataWave12Mesh.032
v 2.000000 -0.002291 -5.000000
v 2.000000 0.002291 -5.000000
v 3.000000 -0.002291 -4.000000
v 3.000000 0.002291 -4.000000
v 2.000000 -0.002291 -3.000000
v 2.000000 0.002291 -3.000000
v 1.000000 -0.002291 -4.000000
v 1.000000 0.002291 -4.000000
vn 0.707100 0.000000 -0.707100
vn 0.707100 0.000000 0.707100
vn 0.000000 1.000000 0.000000
vn -0.707100 0.000000 -0.707100
vn -0.707100 0.000000 0.707100
vn 0.000000 -1.000000 0.000000
usemtl None
s off
f 145//109 146//109 148//109 147//109
f 147//110 148//110 150//110 149//110
f 148//111 146//111 152//111 150//111
f 151//112 152//112 146//112 145//112
f 149//113 150//113 152//113 151//113
f 145//114 147//114 149//114 151//114
o DataWave11_DataWave11Mesh.032
v 2.000000 -0.689762 -3.000000
v 2.000000 0.689762 -3.000000
v 3.000000 -0.689762 -2.000000
v 3.000000 0.689762 -2.000000
v 2.000000 -0.689762 -1.000000
v 2.000000 0.689762 -1.000000
v 1.000000 -0.689762 -2.000000
v 1.000000 0.689762 -2.000000
vn 0.707100 0.000000 -0.707100
vn 0.707100 0.000000 0.707100
vn 0.000000 1.000000 0.000000
vn -0.707100 0.000000 -0.707100
vn -0.707100 0.000000 0.707100
vn 0.000000 -1.000000 0.000000
usemtl None
s off
f 153//115 154//115 156//115 155//115
f 155//116 156//116 158//116 157//116
f 156//117 154//117 160//117 158//117
f 159//118 160//118 154//118 153//118
f 157//119 158//119 160//119 159//119
f 153//120 155//120 157//120 159//120
o DataWave10_DataWave10Mesh.032
v 2.000000 -0.014081 -1.000000
v 2.000000 0.014081 -1.000000
v 3.000000 -0.014081 0.000000
v 3.000000 0.014081 0.000000
v 2.000000 -0.014081 1.000000
v 2.000000 0.014081 1.000000
v 1.000000 -0.014081 -0.000000
v 1.000000 0.014081 -0.000000
vn 0.707100 0.000000 -0.707100
vn 0.707100 0.000000 0.707100
vn 0.000000 1.000000 0.000000
vn -0.707100 0.000000 -0.707100
vn -0.707100 0.000000 0.707100
vn 0.000000 -1.000000 0.000000
usemtl None
s off
f 161//121 162//121 164//121 163//121
f 163//122 164//122 166//122 165//122
f 164//123 162//123 168//123 166//123
f 167//124 168//124 162//124 161//124
f 165//125 166//125 168//125 167//125
f 161//126 163//126 165//126 167//126
o DataWave06_DataWave06Mesh.032
v 0.000000 0.572411 -13.000000
v 0.000000 -0.572411 -13.000000
v 1.000000 0.572411 -12.000000
v 1.000000 -0.572411 -12.000000
v -0.000000 0.572411 -11.000000
v -0.000000 -0.572411 -11.000000
v -1.000000 0.572411 -12.000000
v -1.000000 -0.572411 -12.000000
vn -0.707100 0.000000 0.707100
vn -0.707100 0.000000 -0.707100
vn 0.000000 1.000000 0.000000
vn 0.707100 0.000000 0.707100
vn 0.707100 0.000000 -0.707100
vn 0.000000 -1.000000 0.000000
usemtl None
s off
f 169//127 170//127 172//127 171//127
f 171//128 172//128 174//128 173//128
f 172//129 170//129 176//129 174//129
f 175//130 176//130 170//130 169//130
f 173//131 174//131 176//131 175//131
f 169//132 171//132 173//132 175//132
o DataWave05_DataWave05Mesh.032
v 0.000000 1.153803 -11.000000
v 0.000000 -1.153803 -11.000000
v 1.000000 1.153803 -10.000000
v 1.000000 -1.153803 -10.000000
v -0.000000 1.153803 -9.000000
v -0.000000 -1.153803 -9.000000
v -1.000000 1.153803 -10.000000
v -1.000000 -1.153803 -10.000000
vn -0.707100 0.000000 0.707100
vn -0.707100 0.000000 -0.707100
vn 0.000000 1.000000 0.000000
vn 0.707100 0.000000 0.707100
vn 0.707100 0.000000 -0.707100
vn 0.000000 -1.000000 0.000000
usemtl None
s off
f 177//133 178//133 180//133 179//133
f 179//134 180//134 182//134 181//134
f 180//135 178//135 184//135 182//135
f 183//136 184//136 178//136 177//136
f 181//137 182//137 184//137 183//137
f 177//138 179//138 181//138 183//138
o DataWave04_DataWave04Mesh.032
v 0.000000 -0.790482 -9.000000
v 0.000000 0.790482 -9.000000
v 1.000000 -0.790482 -8.000000
v 1.000000 0.790482 -8.000000
v -0.000000 -0.790482 -7.000000
v -0.000000 0.790482 -7.000000
v -1.000000 -0.790482 -8.000000
v -1.000000 0.790482 -8.000000
vn 0.707100 0.000000 -0.707100
vn 0.707100 0.000000 0.707100
vn 0.000000 1.000000 -0.000000
vn -0.707100 0.000000 -0.707100
vn -0.707100 0.000000 0.707100
vn 0.000000 -1.000000 -0.000000
usemtl None
s off
f 185//139 186//139 188//139 187//139
f 187//140 188//140 190//140 189//140
f 188//141 186//141 192//141 190//141
f 191//142 192//142 186//142 185//142
f 189//143 190//143 192//143 191//143
f 185//144 187//144 189//144 191//144
o DataWave03_DataWave03Mesh.032
v 0.000000 0.176833 -7.000000
v 0.000000 -0.176833 -7.000000
v 1.000000 0.176833 -6.000000
v 1.000000 -0.176833 -6.000000
v -0.000000 0.176833 -5.000000
v -0.000000 -0.176833 -5.000000
v -1.000000 0.176833 -6.000000
v -1.000000 -0.176833 -6.000000
vn -0.707100 0.000000 0.707100
vn -0.707100 0.000000 -0.707100
vn 0.000000 1.000000 0.000000
vn 0.707100 0.000000 0.707100
vn 0.707100 0.000000 -0.707100
vn 0.000000 -1.000000 0.000000
usemtl None
s off
f 193//145 194//145 196//145 195//145
f 195//146 196//146 198//146 197//146
f 196//147 194//147 200//147 198//147
f 199//148 200//148 194//148 193//148
f 197//149 198//149 200//149 199//149
f 193//150 195//150 197//150 199//150
o DataWave02_DataWave02Mesh.032
v 0.000000 -0.030382 -5.000000
v 0.000000 0.030382 -5.000000
v 1.000000 -0.030382 -4.000000
v 1.000000 0.030382 -4.000000
v -0.000000 -0.030382 -3.000000
v -0.000000 0.030382 -3.000000
v -1.000000 -0.030382 -4.000000
v -1.000000 0.030382 -4.000000
vn 0.707100 0.000000 -0.707100
vn 0.707100 0.000000 0.707100
vn 0.000000 1.000000 -0.000000
vn -0.707100 0.000000 -0.707100
vn -0.707100 0.000000 0.707100
vn 0.000000 -1.000000 -0.000000
usemtl None
s off
f 201//151 202//151 204//151 203//151
f 203//152 204//152 206//152 205//152
f 204//153 202//153 208//153 206//153
f 207//154 208//154 202//154 201//154
f 205//155 206//155 208//155 207//155
f 201//156 203//156 205//156 207//156
o DataWave01_DataWave01Mesh.032
v 0.000000 0.757155 -3.000000
v 0.000000 -0.757155 -3.000000
v 1.000000 0.757155 -2.000000
v 1.000000 -0.757155 -2.000000
v -0.000000 0.757155 -1.000000
v -0.000000 -0.757155 -1.000000
v -1.000000 0.757155 -2.000000
v -1.000000 -0.757155 -2.000000
vn -0.707100 0.000000 0.707100
vn -0.707100 0.000000 -0.707100
vn 0.000000 1.000000 0.000000
vn 0.707100 0.000000 0.707100
vn 0.707100 0.000000 -0.707100
vn 0.000000 -1.000000 0.000000
usemtl None
s off
f 209//157 210//157 212//157 211//157
f 211//158 212//158 214//158 213//158
f 212//159 210//159 216//159 214//159
f 215//160 216//160 210//160 209//160
f 213//161 214//161 216//161 215//161
f 209//162 211//162 213//162 215//162
o DataWave00_DataWave00Mesh.034
v 0.000000 0.208416 -1.000000
v 0.000000 -0.208416 -1.000000
v 1.000000 0.208416 0.000000
v 1.000000 -0.208416 0.000000
v -0.000000 0.208416 1.000000
v -0.000000 -0.208416 1.000000
v -1.000000 0.208416 -0.000000
v -1.000000 -0.208416 -0.000000
vn -0.707100 0.000000 0.707100
vn -0.707100 0.000000 -0.707100
vn 0.000000 1.000000 0.000000
vn 0.707100 0.000000 0.707100
vn 0.707100 0.000000 -0.707100
vn 0.000000 -1.000000 0.000000
usemtl None
s off
f 217//163 218//163 220//163 219//163
f 219//164 220//164 222//164 221//164
f 220//165 218//165 224//165 222//165
f 223//166 224//166 218//166 217//166
f 221//167 222//167 224//167 223//167
f 217//168 219//168 221//168 223//168
